File opened Successfully 3
Desc:
length = 256
        00 01 02 03 04 05 06 07 08 09 0a 0b 0c 0d 0e 0f

  0000  c0 3f d5 ff 5a 57 00 00 00 00 00 00 80 00 00 00
  0010  00 00 00 00 00 00 00 00 08 07 06 00 00 00 00 00
  0020  00 00 77 30 00 00 00 00 00 00 00 00 00 00 00 00
  0030  00 00 00 00 00 00 00 0c 00 00 00 00 3f 80 00 00
  0040  80 0f 00 4f 0e cf 02 00 00 00 00 00 00 00 00 00
  0050  10 00 cf 3d 60 50 02 01 00 00 00 00 00 00 00 00
  0060  00 00 00 00 01 ff ff 17 0c f7 00 00 f3 00 80 f0
  0070  3d 00 3f 00 dc 40 00 00 07 00 00 00 00 00 0d 00
  0080  21 7c 19 00 00 00 00 00 00 00 00 00 00 00 00 00
  0090  00 00 00 00 00 00 00 00 00 00 00 00 00 00 00 00
  00a0  00 00 00 00 00 00 00 00 00 00 00 00 00 00 00 00
  00b0  01 00 00 00 ff ff ff ff e1 cd 05 d2 00 00 00 00
  00c0  00 00 00 00 00 00 00 00 00 00 00 00 00 00 00 00
  00d0  20 00 00 32 11 00 00 00 00 00 00 40 02 fd 97 00
  00e0  e1 20 51 51 00 b0 36 34 00 00 00 00 27 00 00 00
  00f0  1c 00 00 00 00 00 00 00 03 00 00 00 00 00 00 00



***********************************************************
	Actual OUTPUT of lspci -vv -s 03:00.0 -xxx

	Kernel driver in use: r8169
00: ec 10 68 81 07 04 10 00 0c 00 00 02 10 00 00 00
10: 01 d0 00 00 00 00 00 00 04 00 c0 f7 00 00 00 00
20: 0c 00 00 f0 00 00 00 00 00 00 00 00 19 10 16 81
30: 00 00 00 00 40 00 00 00 00 00 00 00 0a 01 00 00
40: 01 50 c3 ff 08 00 00 00 00 00 00 00 00 00 00 00
50: 05 70 81 00 0c f0 e0 fe 00 00 00 00 91 41 00 00
60: 00 00 00 00 00 00 00 00 00 00 00 00 00 00 00 00
70: 10 b0 02 02 c0 8c 90 05 00 50 10 00 11 7c 47 00
80: 40 00 11 10 00 00 00 00 00 00 00 00 00 00 00 00
90: 00 00 00 00 1f 08 0c 00 00 04 00 00 02 00 00 00
a0: 00 00 00 00 00 00 00 00 00 00 00 00 00 00 00 00
b0: 11 d0 03 00 04 00 00 00 04 08 00 00 00 00 00 00
c0: 00 00 00 00 00 00 00 00 00 00 00 00 00 00 00 00
d0: 03 00 00 80 00 00 00 00 00 00 00 00 00 00 00 00
e0: 00 00 00 00 00 00 00 00 00 00 00 00 00 00 00 00
f0: 00 00 00 00 00 00 00 00 00 00 00 00 00 00 00 00

